Squad,Tkl,TklW,Def 3rd,Mid 3rd,Att 3rd,Tkl.1,Att,Tkl%,Lost,Blocks,Sh,Pass,Int,Tkl+Int,Clr,Err,season,country
Ath Paranaense,504,337,224,210,70,206,549,37.5,343,284,91,193,346,850,608,14,2019,BR
Atlético Mineiro,556,362,278,210,68,233,620,37.6,387,385,137,248,344,900,787,8,2019,BR
Avaí,619,393,303,263,53,256,635,40.3,379,364,117,247,513,1132,827,14,2019,BR
Bahia,618,424,325,247,46,254,662,38.4,408,314,111,203,304,922,794,9,2019,BR
Botafogo (RJ),521,326,295,181,45,251,653,38.4,402,382,169,213,320,841,937,9,2019,BR
Ceará,601,402,283,259,59,256,733,34.9,477,367,123,244,367,968,758,6,2019,BR
Chapecoense,594,416,305,250,39,237,632,37.5,395,349,140,209,420,1014,844,2,2019,BR
Corinthians,548,357,266,228,54,221,657,33.6,436,330,110,220,324,872,794,6,2019,BR
Cruzeiro,558,346,265,235,58,265,659,40.2,394,354,138,216,372,930,665,12,2019,BR
CSA,581,382,341,204,36,276,714,38.7,438,333,151,182,386,967,864,4,2019,BR
Flamengo,651,424,267,313,71,293,678,43.2,385,304,92,212,323,974,556,13,2019,BR
Fluminense,560,372,286,206,68,248,617,40.2,369,333,124,209,371,931,549,14,2019,BR
Fortaleza,482,323,272,179,31,180,515,35.0,335,276,106,170,323,805,913,11,2019,BR
Goiás,586,397,304,231,51,286,803,35.6,517,384,141,243,388,974,866,9,2019,BR
Grêmio,618,389,310,238,70,262,645,40.6,383,298,111,187,370,988,659,10,2019,BR
Internacional,663,426,329,268,66,299,668,44.8,369,376,120,256,401,1064,705,8,2019,BR
Palmeiras,619,395,281,285,53,253,584,43.3,331,269,83,186,347,966,669,3,2019,BR
Santos,621,417,288,267,66,267,735,36.3,468,327,120,207,419,1040,662,9,2019,BR
São Paulo,635,405,287,283,65,255,574,44.4,319,344,115,229,314,949,692,5,2019,BR
Vasco da Gama,590,399,276,254,60,249,668,37.3,419,385,124,261,367,957,808,7,2019,BR
Arsenal,584,336,296,217,71,249,612,40.7,363,398,141,257,351,935,754,18,2019,EN
Aston Villa,523,291,285,174,64,223,597,37.4,374,456,184,272,423,946,928,26,2019,EN
Bournemouth,507,299,254,206,47,207,567,36.5,360,439,160,279,475,982,1008,16,2019,EN
Brighton,641,379,295,269,77,245,642,38.2,397,437,137,300,419,1060,750,15,2019,EN
Burnley,547,344,238,241,68,240,585,41.0,345,450,175,275,387,934,901,15,2019,EN
Chelsea,638,362,304,258,76,246,604,40.7,358,361,91,270,459,1097,631,14,2019,EN
Crystal Palace,686,390,367,244,75,316,711,44.4,395,399,135,264,444,1130,856,18,2019,EN
Everton,671,408,328,262,81,282,672,42.0,390,372,111,261,408,1079,778,13,2019,EN
Leicester City,742,432,347,320,75,298,725,41.1,427,420,92,328,423,1165,767,16,2019,EN
Liverpool,550,325,195,243,112,217,588,36.9,371,302,68,234,352,902,634,25,2019,EN
Manchester City,514,301,204,210,100,230,605,38.0,375,292,66,226,352,866,495,21,2019,EN
Manchester Utd,579,333,267,231,81,254,634,40.1,380,360,99,261,379,958,703,14,2019,EN
Newcastle Utd,603,357,364,198,41,273,632,43.2,359,402,152,250,391,994,988,19,2019,EN
Norwich City,628,379,359,210,59,267,700,38.1,433,453,171,282,397,1025,959,20,2019,EN
Sheffield Utd,611,377,304,229,78,261,646,40.4,385,336,106,230,420,1031,931,16,2019,EN
Southampton,706,416,325,287,94,324,793,40.9,469,488,124,364,425,1131,867,21,2019,EN
Tottenham,665,415,331,281,53,253,681,37.2,428,441,148,293,381,1046,894,24,2019,EN
Watford,657,369,347,249,61,267,713,37.4,446,396,135,261,424,1081,869,4,2019,EN
West Ham,696,417,374,263,59,300,745,40.3,445,383,117,266,421,1117,789,16,2019,EN
Wolves,646,367,358,227,61,281,685,41.0,404,378,109,269,437,1083,702,23,2019,EN
Alavés,579,346,261,265,53,255,619,41.2,364,385,114,271,392,971,766,7,2019,SP
Athletic Club,533,324,262,204,67,217,613,35.4,396,339,92,247,373,906,755,7,2019,SP
Atlético Madrid,658,406,293,272,93,283,640,44.2,357,380,108,272,412,1070,729,18,2019,SP
Barcelona,536,323,216,223,97,211,501,42.1,290,313,87,226,342,878,529,16,2019,SP
Betis,501,299,276,173,52,221,511,43.2,290,336,119,217,302,803,682,8,2019,SP
Celta Vigo,589,357,344,193,52,251,615,40.8,364,345,89,256,396,985,807,12,2019,SP
Eibar,567,338,240,228,99,264,607,43.5,343,332,81,251,430,997,692,8,2019,SP
Espanyol,628,364,303,253,72,257,701,36.7,444,380,96,284,360,988,731,17,2019,SP
Getafe,580,341,235,263,82,235,573,41.0,338,374,60,314,367,947,625,12,2019,SP
Granada,584,349,257,257,70,238,570,41.8,332,375,118,257,383,967,750,10,2019,SP
Leganés,603,357,317,215,71,254,610,41.6,356,320,73,247,418,1021,687,7,2019,SP
Levante,507,288,281,173,53,204,532,38.3,328,317,107,210,331,838,763,14,2019,SP
Mallorca,545,338,280,213,52,227,602,37.7,375,360,117,243,376,921,672,9,2019,SP
Osasuna,613,361,275,267,71,267,617,43.3,350,385,98,287,417,1030,738,19,2019,SP
Real Madrid,586,355,252,253,81,226,595,38.0,369,367,77,290,381,967,590,13,2019,SP
Real Sociedad,551,321,254,224,73,252,573,44.0,321,346,79,267,320,871,694,12,2019,SP
Sevilla,587,344,274,246,67,261,661,39.5,400,331,94,237,346,933,704,10,2019,SP
Valencia,500,311,270,173,57,232,589,39.4,357,334,130,204,360,860,748,12,2019,SP
Valladolid,568,327,316,204,48,239,672,35.6,433,391,112,279,390,958,749,13,2019,SP
Villarreal,553,323,250,239,64,218,602,36.2,384,362,116,246,339,892,814,12,2019,SP
Augsburg,534,314,271,215,48,220,563,39.1,343,362,123,239,434,968,778,8,2019,GE
Bayern Munich,500,293,180,222,98,211,503,41.9,292,290,79,211,342,842,382,9,2019,GE
Dortmund,529,329,249,214,66,226,509,44.4,283,353,88,265,375,904,463,10,2019,GE
Düsseldorf,496,307,244,199,53,200,540,37.0,340,350,105,245,376,872,610,9,2019,GE
Eint Frankfurt,596,377,278,246,72,232,617,37.6,385,403,97,306,376,972,520,5,2019,GE
Freiburg,431,252,226,162,43,175,497,35.2,322,401,157,244,354,785,810,18,2019,GE
Gladbach,552,322,254,215,83,228,586,38.9,358,398,106,292,381,933,596,11,2019,GE
Hertha BSC,555,340,282,221,52,208,521,39.9,313,434,130,304,410,965,794,12,2019,GE
Hoffenheim,529,309,283,196,50,239,578,41.3,339,384,121,263,349,878,719,9,2019,GE
Köln,610,414,293,258,59,249,622,40.0,373,397,97,300,435,1045,681,5,2019,GE
Leverkusen,557,353,239,244,74,263,600,43.8,337,365,71,294,333,890,496,11,2019,GE
Mainz 05,576,331,280,233,63,225,542,41.5,317,403,110,293,363,939,724,13,2019,GE
Paderborn 07,632,400,354,221,57,301,722,41.7,421,435,111,324,364,996,747,9,2019,GE
RB Leipzig,616,361,280,251,85,258,624,41.3,366,397,86,311,364,980,610,16,2019,GE
Schalke 04,589,361,268,242,79,255,625,40.8,370,474,118,356,407,996,656,15,2019,GE
Union Berlin,550,322,265,220,65,213,565,37.7,352,396,124,272,421,971,775,8,2019,GE
Werder Bremen,550,345,285,199,66,216,573,37.7,357,369,123,246,423,973,775,11,2019,GE
Wolfsburg,598,363,277,247,74,241,589,40.9,348,378,87,291,377,975,649,9,2019,GE
Atalanta,627,351,252,278,97,263,643,40.9,380,396,111,285,418,1045,532,12,2019,IT
Bologna,575,338,270,238,67,226,619,36.5,393,390,125,265,412,987,667,13,2019,IT
Brescia,507,273,256,195,56,226,559,40.4,333,399,170,229,361,868,886,12,2019,IT
Cagliari,560,338,300,203,57,231,619,37.3,388,445,174,271,337,897,855,13,2019,IT
Fiorentina,571,333,300,205,66,213,628,33.9,415,346,98,248,347,918,719,9,2019,IT
Genoa,551,335,268,210,73,212,589,36.0,377,410,150,260,385,936,775,16,2019,IT
Hellas Verona,488,290,237,187,64,203,463,43.8,260,361,173,188,398,886,825,10,2019,IT
Inter,524,287,228,212,84,196,575,34.1,379,371,120,251,370,894,657,12,2019,IT
Juventus,539,318,225,219,95,224,582,38.5,358,374,120,254,370,909,590,14,2019,IT
Lazio,547,311,270,205,72,224,612,36.6,388,404,142,262,378,925,642,9,2019,IT
Lecce,525,293,288,192,45,234,628,37.3,394,395,150,245,383,908,793,30,2019,IT
Milan,581,345,270,237,74,234,620,37.7,386,353,106,247,419,1000,652,19,2019,IT
Napoli,487,295,223,183,81,206,540,38.1,334,322,86,236,330,817,464,11,2019,IT
Parma,615,348,329,228,58,282,708,39.8,426,423,177,246,394,1009,859,14,2019,IT
Roma,493,303,202,203,88,197,503,39.2,306,347,107,240,400,893,644,15,2019,IT
Sampdoria,584,354,267,224,93,230,605,38.0,375,397,116,281,396,980,778,5,2019,IT
Sassuolo,553,332,273,211,69,249,556,44.8,307,392,130,262,348,901,666,9,2019,IT
SPAL,554,327,299,197,58,222,571,38.9,349,390,170,220,394,948,748,15,2019,IT
Torino,572,314,266,236,70,212,549,38.6,337,433,160,273,495,1067,875,14,2019,IT
Udinese,597,340,329,214,54,253,593,42.7,340,434,153,281,375,972,789,13,2019,IT
Ath Paranaense,521,314,227,235,59,208,565,36.8,357,341,112,229,372,893,671,5,2020,BR
Atl Goianiense,492,298,243,189,60,214,518,41.3,304,370,118,252,425,917,773,16,2020,BR
Atlético Mineiro,548,331,194,266,88,220,535,41.1,315,356,82,274,430,978,472,6,2020,BR
Bahia,554,347,291,212,51,224,586,38.2,362,383,130,253,414,968,752,11,2020,BR
Botafogo (RJ),507,311,236,204,67,234,620,37.7,386,431,121,310,384,891,758,13,2020,BR
Ceará,590,368,262,266,62,227,665,34.1,438,387,105,282,439,1029,831,8,2020,BR
Corinthians,544,337,274,211,59,254,632,40.2,378,388,114,274,470,1014,728,5,2020,BR
Coritiba,581,347,310,216,55,250,628,39.8,378,378,139,239,411,992,799,5,2020,BR
Flamengo,621,380,240,282,99,229,635,36.1,406,364,106,258,442,1063,465,15,2020,BR
Fluminense,606,369,292,246,68,240,618,38.8,378,377,107,270,472,1078,693,8,2020,BR
Fortaleza,467,292,220,197,50,174,470,37.0,296,258,95,163,358,825,679,4,2020,BR
Goiás,596,344,326,213,57,272,619,43.9,347,438,149,289,452,1048,931,9,2020,BR
Grêmio,521,336,264,210,47,230,566,40.6,336,311,82,229,410,931,570,3,2020,BR
Internacional,574,329,251,252,71,249,661,37.7,412,416,110,306,446,1020,665,8,2020,BR
Palmeiras,572,345,259,242,71,249,672,37.1,423,380,113,267,439,1011,600,7,2020,BR
Red Bull Bragantino,618,388,300,251,67,291,744,39.1,453,382,84,298,535,1153,645,6,2020,BR
Santos,549,337,262,237,50,212,578,36.7,366,361,109,252,447,996,655,7,2020,BR
São Paulo,456,280,187,206,63,186,441,42.2,255,316,84,232,377,833,497,11,2020,BR
Sport Recife,521,307,265,212,44,216,658,32.8,442,372,138,234,486,1007,909,11,2020,BR
Vasco da Gama,541,337,285,199,57,231,584,39.6,353,406,149,257,432,973,764,10,2020,BR
Arsenal,456,252,206,184,66,212,547,38.8,335,368,113,255,351,807,643,16,2020,EN
Aston Villa,530,282,262,202,66,250,571,43.8,321,438,159,279,387,917,783,17,2020,EN
Brighton,628,334,297,251,80,252,603,41.8,351,417,97,320,425,1053,604,8,2020,EN
Burnley,507,293,241,203,63,229,564,40.6,335,440,180,260,416,923,824,11,2020,EN
Chelsea,612,341,257,282,73,231,570,40.5,339,420,83,337,382,994,661,16,2020,EN
Crystal Palace,636,366,329,234,73,283,620,45.6,337,447,138,309,396,1032,774,13,2020,EN
Everton,640,381,325,242,73,266,664,40.1,398,458,157,301,392,1032,847,19,2020,EN
Fulham,601,329,282,231,88,254,581,43.7,327,356,95,261,437,1038,794,13,2020,EN
Leeds United,740,417,378,279,83,310,769,40.3,459,406,149,257,397,1137,646,26,2020,EN
Leicester City,681,403,319,263,99,295,676,43.6,381,386,90,296,438,1119,685,9,2020,EN
Liverpool,526,303,195,231,100,220,543,40.5,323,338,58,280,347,873,563,20,2020,EN
Manchester City,498,271,198,212,88,234,576,40.6,342,310,82,228,319,817,453,11,2020,EN
Manchester Utd,551,311,252,239,60,231,572,40.4,341,418,116,302,386,937,634,20,2020,EN
Newcastle Utd,512,268,257,213,42,207,547,37.8,340,423,160,263,362,874,908,10,2020,EN
Sheffield Utd,634,356,325,239,70,294,720,40.8,426,442,152,290,351,985,839,19,2020,EN
Southampton,727,419,335,325,67,341,731,46.6,390,439,95,344,401,1128,681,10,2020,EN
Tottenham,636,361,313,244,79,277,683,40.6,406,434,147,287,342,978,795,15,2020,EN
West Brom,581,328,329,192,60,271,656,41.3,385,455,159,296,435,1016,876,13,2020,EN
West Ham,514,280,269,195,50,224,573,39.1,349,405,124,281,437,951,779,11,2020,EN
Wolves,588,335,322,220,46,277,611,45.3,334,359,117,242,432,1020,727,15,2020,EN
Alavés,499,292,263,181,55,197,565,34.9,368,341,90,251,427,926,766,8,2020,SP
Athletic Club,462,269,194,200,68,168,516,32.6,348,341,74,267,344,806,684,9,2020,SP
Atlético Madrid,622,367,291,253,78,296,631,46.9,335,361,83,278,386,1008,671,7,2020,SP
Barcelona,499,293,223,195,81,224,522,42.9,298,325,70,255,361,860,429,16,2020,SP
Betis,556,315,274,221,61,211,556,37.9,345,362,74,288,453,1009,687,11,2020,SP
Cádiz,573,317,305,216,52,247,607,40.7,360,368,99,269,437,1010,788,8,2020,SP
Celta Vigo,662,368,332,259,71,238,694,34.3,456,399,89,310,405,1067,751,12,2020,SP
Eibar,514,309,228,204,82,203,518,39.2,315,360,63,297,434,948,593,11,2020,SP
Elche,551,336,324,189,38,210,577,36.4,367,357,97,260,386,937,689,10,2020,SP
Getafe,579,352,232,276,71,241,619,38.9,378,361,53,308,393,972,615,4,2020,SP
Granada,499,279,226,213,60,185,468,39.5,283,388,128,260,392,891,764,7,2020,SP
Huesca,556,321,309,191,56,239,579,41.3,340,342,83,259,437,993,616,7,2020,SP
Levante,511,282,268,188,55,208,543,38.3,335,335,93,242,435,946,681,15,2020,SP
Osasuna,524,281,223,217,84,224,552,40.6,328,349,100,249,392,916,774,7,2020,SP
Real Madrid,531,318,266,188,77,192,532,36.1,340,344,83,261,398,929,544,12,2020,SP
Real Sociedad,547,322,240,227,80,200,480,41.7,280,353,96,257,315,862,563,5,2020,SP
Sevilla,492,297,220,200,72,184,510,36.1,326,310,90,220,362,854,636,10,2020,SP
Valencia,463,277,241,163,59,198,592,33.4,394,372,123,249,392,855,785,12,2020,SP
Valladolid,559,321,285,208,66,247,681,36.3,434,379,102,277,431,990,812,9,2020,SP
Villarreal,539,313,256,205,78,239,588,40.6,349,358,101,257,371,910,638,17,2020,SP
Arminia,552,328,268,229,55,214,536,39.9,322,393,122,271,418,970,739,9,2020,GE
Augsburg,509,308,251,211,47,201,503,40.0,302,395,116,279,454,963,852,8,2020,GE
Bayern Munich,510,316,174,231,105,224,541,41.4,317,388,75,313,399,909,398,10,2020,GE
Dortmund,516,318,221,210,85,219,487,45.0,268,379,95,284,413,929,472,12,2020,GE
Eint Frankfurt,594,352,273,245,76,263,596,44.1,333,371,77,294,428,1022,594,10,2020,GE
Freiburg,431,247,188,186,57,168,448,37.5,280,365,118,247,452,883,631,8,2020,GE
Gladbach,503,307,221,221,61,215,531,40.5,316,424,116,308,436,939,616,6,2020,GE
Hertha BSC,485,270,242,201,42,205,493,41.6,288,377,89,288,417,902,687,8,2020,GE
Hoffenheim,508,296,229,204,75,229,539,42.5,310,370,90,280,431,939,619,8,2020,GE
Köln,586,328,299,234,53,248,546,45.4,298,382,101,281,429,1015,670,8,2020,GE
Leverkusen,500,282,209,238,53,213,498,42.8,285,368,87,281,322,822,481,10,2020,GE
Mainz 05,593,364,266,239,88,258,574,44.9,316,419,109,310,500,1093,662,6,2020,GE
RB Leipzig,460,305,167,229,64,190,460,41.3,270,336,63,273,353,813,504,5,2020,GE
Schalke 04,552,337,283,224,45,203,546,37.2,343,437,143,294,411,963,693,12,2020,GE
Stuttgart,496,294,227,201,68,235,531,44.3,296,379,108,271,426,922,654,8,2020,GE
Union Berlin,503,283,240,218,45,232,501,46.3,269,367,85,282,405,908,605,9,2020,GE
Werder Bremen,542,333,270,217,55,228,556,41.0,328,368,101,267,407,949,798,10,2020,GE
Wolfsburg,594,363,271,256,67,271,599,45.2,328,465,79,386,477,1071,700,6,2020,GE
Atalanta,606,343,252,256,98,265,591,44.8,326,421,92,329,516,1122,484,11,2020,IT
Benevento,511,288,278,179,54,243,646,37.6,403,382,123,259,383,894,746,13,2020,IT
Bologna,542,313,273,186,83,209,538,38.8,329,452,147,305,424,966,740,21,2020,IT
Cagliari,589,336,296,229,64,269,647,41.6,378,421,130,291,388,977,777,6,2020,IT
Crotone,540,311,288,196,56,225,556,40.5,331,406,137,269,380,920,748,12,2020,IT
Fiorentina,496,263,228,198,70,229,544,42.1,315,362,127,235,388,884,619,8,2020,IT
Genoa,555,309,293,197,65,255,640,39.8,385,437,123,314,520,1075,785,12,2020,IT
Hellas Verona,465,269,224,183,58,173,413,41.9,240,374,144,230,492,957,756,12,2020,IT
Inter,506,286,214,206,86,213,527,40.4,314,383,102,281,371,877,582,8,2020,IT
Juventus,566,323,244,242,80,243,612,39.7,369,390,114,276,458,1024,581,14,2020,IT
Lazio,595,346,284,244,67,254,678,37.5,424,404,92,312,445,1040,649,7,2020,IT
Milan,627,357,299,257,71,276,605,45.6,329,435,133,302,382,1009,732,13,2020,IT
Napoli,574,345,280,213,81,257,635,40.5,378,381,98,283,369,943,532,17,2020,IT
Parma,585,317,317,215,53,269,695,38.7,426,412,116,296,463,1048,806,14,2020,IT
Roma,478,273,192,218,68,206,582,35.4,376,360,83,277,489,967,521,26,2020,IT
Sampdoria,576,326,275,235,66,251,634,39.6,383,470,154,316,453,1029,745,6,2020,IT
Sassuolo,528,310,276,164,88,241,543,44.4,302,383,141,242,426,954,629,11,2020,IT
Spezia,568,320,264,223,81,265,617,42.9,352,364,101,263,394,962,551,12,2020,IT
Torino,530,306,241,205,84,247,569,43.4,322,412,127,285,444,974,727,13,2020,IT
Udinese,502,294,264,199,39,209,547,38.2,338,428,131,297,440,942,683,8,2020,IT
América (MG),610,363,270,265,75,278,647,43.0,369,391,99,292,431,1041,687,13,2021,BR
Ath Paranaense,499,296,231,199,69,230,552,41.7,322,366,137,229,414,913,643,4,2021,BR
Atl Goianiense,530,313,293,164,73,228,578,39.4,350,390,141,249,349,879,858,5,2021,BR
Atlético Mineiro,604,361,264,247,93,281,691,40.7,410,345,84,261,369,973,565,4,2021,BR
Bahia,563,338,297,200,66,259,631,41.0,372,362,130,232,454,1017,784,5,2021,BR
Ceará,546,334,219,259,68,258,680,37.9,422,387,134,253,388,934,766,7,2021,BR
Chapecoense,570,340,320,195,55,247,642,38.5,395,417,154,263,451,1021,799,11,2021,BR
Corinthians,508,289,270,193,45,205,527,38.9,322,342,100,242,379,887,647,4,2021,BR
Cuiabá,563,316,271,217,75,242,575,42.1,333,357,122,235,413,976,779,6,2021,BR
Flamengo,635,386,263,274,98,287,699,41.1,412,344,101,243,404,1039,535,9,2021,BR
Fluminense,648,361,340,243,65,315,687,45.9,372,415,111,304,330,978,637,7,2021,BR
Fortaleza,519,299,242,224,53,242,628,38.5,386,331,92,239,413,932,591,16,2021,BR
Grêmio,624,370,283,259,82,290,673,43.1,383,349,84,265,434,1058,514,8,2021,BR
Internacional,638,357,298,278,62,286,697,41.0,411,391,98,293,426,1064,633,6,2021,BR
Juventude,539,298,259,219,61,256,627,40.8,371,362,119,243,401,940,748,4,2021,BR
Palmeiras,593,356,313,217,63,270,640,42.2,370,368,142,226,419,1012,728,4,2021,BR
Red Bull Bragantino,612,346,317,237,58,292,707,41.3,415,431,134,297,481,1093,707,10,2021,BR
Santos,533,293,251,219,63,272,613,44.4,341,324,106,218,399,932,657,8,2021,BR
São Paulo,547,303,218,261,68,234,525,44.6,291,346,90,256,331,878,622,6,2021,BR
Sport Recife,565,325,295,215,55,257,659,39.0,402,385,139,246,428,993,755,12,2021,BR
Arsenal,540,311,261,195,84,244,500,48.8,256,386,123,263,296,836,658,20,2021,EN
Aston Villa,634,382,300,259,75,300,649,46.2,349,453,140,313,339,973,693,13,2021,EN
Brentford,607,342,299,228,80,291,616,47.2,325,383,113,270,393,1000,863,7,2021,EN
Brighton,668,403,306,257,105,243,563,43.2,320,480,150,330,358,1026,723,12,2021,EN
Burnley,590,324,273,235,82,250,534,46.8,284,509,211,298,410,1000,887,18,2021,EN
Chelsea,621,348,267,269,85,257,567,45.3,310,408,96,312,347,968,641,15,2021,EN
Crystal Palace,637,374,323,236,78,273,575,47.5,302,452,135,317,333,970,761,5,2021,EN
Everton,705,402,369,252,84,336,735,45.7,399,496,140,356,365,1070,815,15,2021,EN
Leeds United,787,437,396,298,93,408,886,46.0,478,473,143,330,395,1182,621,15,2021,EN
Leicester City,690,384,336,270,84,306,720,42.5,414,469,146,323,367,1057,777,15,2021,EN
Liverpool,554,320,207,240,107,233,576,40.5,343,359,74,285,340,894,523,8,2021,EN
Manchester City,498,284,183,214,101,227,509,44.6,282,267,55,212,279,777,403,7,2021,EN
Manchester Utd,585,358,320,197,68,265,608,43.6,343,404,133,271,340,925,704,20,2021,EN
Newcastle Utd,659,383,334,266,59,304,641,47.4,337,420,162,258,360,1019,776,14,2021,EN
Norwich City,614,368,322,242,50,297,714,41.6,417,450,180,270,381,995,860,14,2021,EN
Southampton,602,340,285,243,74,248,581,42.7,333,430,132,298,446,1048,795,13,2021,EN
Tottenham,598,349,286,244,68,262,584,44.9,322,470,161,309,355,953,793,15,2021,EN
Watford,614,356,341,213,60,278,626,44.4,348,440,148,292,444,1058,899,19,2021,EN
West Ham,534,301,273,199,62,240,557,43.1,317,420,175,245,374,908,781,5,2021,EN
Wolves,673,377,377,242,54,273,671,40.7,398,437,135,302,389,1062,820,20,2021,EN
Alavés,550,324,271,221,58,262,637,41.1,375,373,106,267,376,926,890,7,2021,SP
Athletic Club,508,292,217,216,75,224,582,38.5,358,411,128,283,339,847,788,8,2021,SP
Atlético Madrid,636,346,290,279,67,293,619,47.3,326,372,98,274,365,1001,649,14,2021,SP
Barcelona,587,331,236,270,81,244,493,49.5,249,346,85,261,325,912,467,17,2021,SP
Betis,662,392,322,261,79,324,695,46.6,371,386,112,274,361,1023,777,11,2021,SP
Cádiz,647,380,346,238,63,301,711,42.3,410,390,106,284,413,1060,768,5,2021,SP
Celta Vigo,696,409,324,279,93,286,762,37.5,476,423,91,332,376,1072,634,11,2021,SP
Elche,589,325,335,191,63,268,622,43.1,354,367,126,241,305,894,769,14,2021,SP
Espanyol,557,338,308,196,53,275,646,42.6,371,360,114,246,326,883,892,20,2021,SP
Getafe,587,360,266,243,78,248,594,41.8,346,400,96,304,401,988,719,8,2021,SP
Granada,611,343,310,240,61,274,632,43.4,358,437,130,307,326,937,841,8,2021,SP
Levante,558,305,268,212,78,237,611,38.8,374,326,110,216,377,935,735,12,2021,SP
Mallorca,607,332,301,235,71,248,551,45.0,303,374,119,255,344,951,826,9,2021,SP
Osasuna,577,331,270,236,71,251,598,42.0,347,340,115,225,368,945,758,5,2021,SP
Rayo Vallecano,621,359,320,237,64,280,688,40.7,408,410,95,315,365,986,686,9,2021,SP
Real Madrid,560,345,281,195,84,211,502,42.0,291,379,114,265,334,894,526,17,2021,SP
Real Sociedad,586,339,271,234,81,260,546,47.6,286,382,105,277,348,934,703,6,2021,SP
Sevilla,534,302,252,211,71,236,542,43.5,306,367,124,243,270,804,603,18,2021,SP
Valencia,591,364,289,217,85,266,623,42.7,357,373,93,280,339,930,746,8,2021,SP
Villarreal,538,312,250,197,91,229,476,48.1,247,330,109,221,329,867,644,16,2021,SP
Arminia,549,311,270,235,44,238,543,43.8,305,395,110,285,421,970,770,7,2021,GE
Augsburg,561,335,254,236,71,250,584,42.8,334,397,116,281,363,924,769,12,2021,GE
Bayern Munich,563,338,231,237,95,259,559,46.3,300,338,68,270,349,912,404,18,2021,GE
Bochum,566,353,298,199,69,277,574,48.3,297,420,119,301,429,995,616,13,2021,GE
Dortmund,541,322,232,236,73,255,550,46.4,295,351,82,269,347,888,519,11,2021,GE
Eint Frankfurt,595,330,260,252,83,283,673,42.1,390,435,95,340,377,972,592,12,2021,GE
Freiburg,518,299,246,207,65,215,477,45.1,262,352,130,222,355,873,751,13,2021,GE
Gladbach,572,345,260,252,60,285,615,46.3,330,402,91,311,326,898,553,13,2021,GE
Greuther Fürth,568,336,258,252,58,270,567,47.6,297,416,124,292,374,942,712,8,2021,GE
Hertha BSC,546,321,294,197,55,252,544,46.3,292,377,105,272,406,952,816,15,2021,GE
Hoffenheim,483,291,191,216,76,223,484,46.1,261,390,88,302,285,768,520,17,2021,GE
Köln,598,361,264,246,88,288,665,43.3,377,442,99,343,426,1024,628,10,2021,GE
Leverkusen,484,281,235,199,50,225,493,45.6,268,350,101,249,360,844,620,12,2021,GE
Mainz 05,579,305,291,220,68,282,595,47.4,313,404,94,310,439,1018,584,9,2021,GE
RB Leipzig,499,289,218,222,59,219,512,42.8,293,399,81,318,349,848,523,12,2021,GE
Stuttgart,532,307,231,236,65,241,530,45.5,289,386,124,262,342,874,708,8,2021,GE
Union Berlin,538,296,266,223,49,268,568,47.2,300,322,90,232,376,914,657,7,2021,GE
Wolfsburg,539,298,278,201,60,257,540,47.6,283,388,103,285,388,927,740,9,2021,GE
Atalanta,630,341,252,271,107,299,635,47.1,336,436,96,340,441,1071,483,6,2021,IT
Bologna,530,298,261,202,67,216,528,40.9,312,384,127,257,370,900,678,5,2021,IT
Cagliari,557,303,263,229,65,230,544,42.3,314,406,128,278,397,954,747,5,2021,IT
Empoli,568,327,268,208,92,273,606,45.0,333,451,177,274,352,920,772,10,2021,IT
Fiorentina,508,301,232,203,73,268,540,49.6,272,357,91,266,244,752,407,15,2021,IT
Genoa,739,416,324,302,113,349,727,48.0,378,487,134,353,449,1188,751,15,2021,IT
Hellas Verona,534,308,248,214,72,238,557,42.7,319,414,107,307,392,926,779,9,2021,IT
Inter,588,332,265,240,83,247,545,45.3,298,360,110,250,332,920,485,11,2021,IT
Juventus,555,316,260,217,78,236,529,44.6,293,392,134,258,332,887,677,9,2021,IT
Lazio,578,339,246,255,77,238,621,38.3,383,416,144,272,315,893,565,10,2021,IT
Milan,697,421,304,288,105,281,583,48.2,302,371,110,261,355,1052,477,12,2021,IT
Napoli,550,327,246,227,77,268,617,43.4,349,371,108,263,296,846,510,8,2021,IT
Roma,613,362,282,253,78,283,622,45.5,339,383,82,301,385,998,552,9,2021,IT
Salernitana,541,321,274,208,59,277,579,47.8,302,394,146,248,353,894,777,3,2021,IT
Sampdoria,562,327,277,217,68,288,629,45.8,341,383,134,249,443,1005,723,11,2021,IT
Sassuolo,482,271,252,163,67,236,574,41.1,338,422,127,295,314,796,664,19,2021,IT
Spezia,580,343,301,205,74,266,585,45.5,319,465,176,289,372,952,736,8,2021,IT
Torino,531,314,223,234,74,228,440,51.8,212,375,108,267,423,954,651,4,2021,IT
Udinese,622,350,282,271,69,284,643,44.2,359,432,122,310,351,973,671,12,2021,IT
Venezia,613,352,325,217,71,273,626,43.6,353,495,202,293,388,1001,865,13,2021,IT
América (MG),553,316,248,219,86,232,564,41.1,332,428,144,284,400,953,829,4,2022,BR
Ath Paranaense,632,351,311,258,63,304,640,47.5,336,428,130,298,411,1043,779,7,2022,BR
Atl Goianiense,534,331,275,188,71,250,577,43.3,327,384,150,234,341,875,842,9,2022,BR
Atlético Mineiro,673,398,310,266,97,303,663,45.7,360,408,84,324,338,1011,518,4,2022,BR
Avaí,636,360,313,260,63,334,679,49.2,345,428,142,286,337,973,790,7,2022,BR
Botafogo (RJ),612,359,307,243,62,319,720,44.3,401,426,119,307,428,1040,744,7,2022,BR
Ceará,531,306,247,222,62,230,550,41.8,320,372,133,239,361,892,696,9,2022,BR
Corinthians,617,355,304,236,77,278,604,46.0,326,374,126,248,379,996,700,7,2022,BR
Coritiba,670,382,345,249,76,333,684,48.7,351,388,149,239,359,1029,722,9,2022,BR
Cuiabá,584,346,300,217,67,269,605,44.5,336,366,106,260,356,940,803,6,2022,BR
Flamengo,686,394,284,300,102,308,638,48.3,330,330,112,218,345,1031,612,8,2022,BR
Fluminense,530,311,213,223,94,241,490,49.2,249,377,127,250,299,829,612,4,2022,BR
Fortaleza,614,364,307,244,63,303,653,46.4,350,351,106,245,404,1018,772,5,2022,BR
Goiás,597,354,332,191,74,237,542,43.7,305,410,174,236,369,966,1039,3,2022,BR
Internacional,669,392,335,266,68,349,658,53.0,309,376,131,245,411,1080,778,5,2022,BR
Juventude,584,354,317,202,65,297,601,49.4,304,344,136,208,381,965,814,5,2022,BR
Palmeiras,617,346,274,261,82,264,597,44.2,333,364,105,259,382,999,545,1,2022,BR
Red Bull Bragantino,615,369,302,240,73,323,659,49.0,336,433,139,294,374,989,709,9,2022,BR
Santos,622,351,303,255,64,294,698,42.1,404,435,165,270,358,980,778,5,2022,BR
São Paulo,581,358,271,238,72,272,588,46.3,316,355,90,265,290,871,663,7,2022,BR
Arsenal,568,343,238,212,118,249,509,48.9,260,362,86,276,237,805,599,23,2022,EN
Aston Villa,632,338,305,251,76,312,648,48.1,336,438,118,320,324,956,714,14,2022,EN
Bournemouth,618,371,316,249,53,256,614,41.7,358,499,170,329,353,971,1027,11,2022,EN
Brentford,588,338,271,228,89,253,599,42.2,346,456,168,288,341,929,822,14,2022,EN
Brighton,616,340,270,242,104,266,561,47.4,295,392,104,288,303,919,432,15,2022,EN
Chelsea,740,445,363,267,110,333,656,50.8,323,466,108,358,341,1081,661,21,2022,EN
Crystal Palace,690,421,354,246,90,281,532,52.8,251,463,119,344,359,1049,807,7,2022,EN
Everton,708,424,362,257,89,309,619,49.9,310,510,180,330,390,1098,874,17,2022,EN
Fulham,625,350,295,229,101,299,588,50.9,289,455,125,330,340,965,749,15,2022,EN
Leeds United,840,480,376,343,121,412,863,47.7,451,536,131,405,392,1232,734,18,2022,EN
Leicester City,699,412,345,291,63,308,677,45.5,369,517,170,347,367,1066,777,12,2022,EN
Liverpool,590,370,228,250,112,281,651,43.2,370,350,74,276,333,923,568,20,2022,EN
Manchester City,471,272,185,198,88,212,462,45.9,250,339,95,244,223,694,402,9,2022,EN
Manchester Utd,657,400,343,231,83,300,600,50.0,300,496,146,350,352,1009,771,11,2022,EN
Newcastle Utd,607,360,268,254,85,307,642,47.8,335,448,116,332,333,940,680,10,2022,EN
Nott'ham Forest,659,387,380,201,78,296,589,50.3,293,500,156,344,349,1008,944,7,2022,EN
Southampton,714,426,378,279,57,297,612,48.5,315,542,165,377,427,1141,852,11,2022,EN
Tottenham,619,353,325,215,79,275,574,47.9,299,428,148,280,340,959,762,20,2022,EN
West Ham,608,336,290,226,92,270,563,48.0,293,415,139,276,408,1016,810,10,2022,EN
Wolves,660,370,363,222,75,285,616,46.3,331,497,175,322,279,939,817,19,2022,EN
Almería,557,322,292,202,63,280,623,44.9,343,435,122,313,322,879,855,13,2022,SP
Athletic Club,608,369,267,254,87,322,642,50.2,320,415,95,320,310,918,598,14,2022,SP
Atlético Madrid,667,408,332,245,90,334,685,48.8,351,396,103,293,304,971,704,9,2022,SP
Barcelona,522,324,211,216,95,227,498,45.6,271,353,82,271,253,775,439,17,2022,SP
Betis,665,421,373,238,54,338,701,48.2,363,411,112,299,364,1029,857,7,2022,SP
Cádiz,623,410,358,205,60,320,671,47.7,351,425,128,297,270,893,853,13,2022,SP
Celta Vigo,664,413,319,269,76,295,676,43.6,381,393,84,309,368,1032,666,5,2022,SP
Elche,633,363,367,212,54,280,603,46.4,323,413,131,282,323,956,766,13,2022,SP
Espanyol,652,379,330,239,83,301,600,50.2,299,416,134,282,338,990,788,9,2022,SP
Getafe,541,339,282,199,60,285,619,46.0,334,404,113,291,320,861,794,10,2022,SP
Girona,551,321,271,213,67,244,532,45.9,288,379,111,268,266,817,662,20,2022,SP
Mallorca,583,344,318,213,52,283,581,48.7,298,402,146,256,318,901,859,7,2022,SP
Osasuna,534,328,256,196,82,266,588,45.2,322,392,97,295,315,849,749,10,2022,SP
Rayo Vallecano,636,393,262,276,98,281,664,42.3,383,428,92,336,309,945,680,11,2022,SP
Real Madrid,542,353,242,212,88,259,565,45.8,306,365,105,260,296,838,469,5,2022,SP
Real Sociedad,660,395,304,254,102,285,613,46.5,328,399,103,296,271,931,624,13,2022,SP
Sevilla,587,367,261,230,96,281,591,47.5,310,361,127,234,339,926,633,9,2022,SP
Valencia,678,428,340,254,84,311,645,48.2,334,370,75,295,288,966,643,21,2022,SP
Valladolid,671,396,334,251,86,296,628,47.1,332,432,149,283,345,1016,767,8,2022,SP
Villarreal,578,370,276,201,101,270,534,50.6,264,372,125,247,262,840,691,16,2022,SP
Augsburg,522,299,251,202,69,232,479,48.4,247,428,125,303,286,808,755,14,2022,GE
Bayern Munich,623,387,263,258,102,287,538,53.3,251,381,77,304,287,910,477,19,2022,GE
Bochum,626,386,301,247,78,310,635,48.8,325,402,118,284,337,963,776,13,2022,GE
Dortmund,580,334,246,241,93,287,551,52.1,264,382,95,287,298,878,491,9,2022,GE
Eint Frankfurt,562,357,244,248,70,265,585,45.3,320,415,88,327,284,846,687,5,2022,GE
Freiburg,498,289,223,211,64,207,451,45.9,244,375,106,269,325,823,612,10,2022,GE
Gladbach,497,275,274,171,52,267,536,49.8,269,405,104,301,267,764,728,7,2022,GE
Hertha BSC,576,344,307,215,54,251,521,48.2,270,416,132,284,366,942,797,8,2022,GE
Hoffenheim,543,323,254,231,58,236,474,49.8,238,428,119,309,285,828,665,8,2022,GE
Köln,615,370,287,263,65,310,666,46.5,356,423,99,324,372,987,716,5,2022,GE
Leverkusen,494,280,242,206,46,236,421,56.1,185,358,99,259,294,788,599,12,2022,GE
Mainz 05,547,341,268,206,73,270,559,48.3,289,419,98,321,433,980,673,9,2022,GE
RB Leipzig,534,312,237,231,66,253,512,49.4,259,428,94,334,310,844,552,3,2022,GE
Schalke 04,542,329,240,246,56,253,551,45.9,298,397,110,287,306,848,723,12,2022,GE
Stuttgart,528,316,255,207,66,268,524,51.1,256,421,113,308,308,836,666,10,2022,GE
Union Berlin,494,278,217,216,61,239,525,45.5,286,356,101,255,262,756,704,6,2022,GE
Werder Bremen,595,349,269,273,53,300,617,48.6,317,371,103,268,321,916,789,7,2022,GE
Wolfsburg,543,324,255,206,82,265,521,50.9,256,443,116,327,292,835,701,9,2022,GE
Atalanta,636,364,291,272,73,312,634,49.2,322,455,93,362,421,1057,613,12,2022,IT
Bologna,648,373,310,255,83,297,618,48.1,321,414,131,283,302,950,652,7,2022,IT
Cremonese,704,400,403,228,73,364,729,49.9,365,432,136,296,393,1097,771,13,2022,IT
Empoli,606,364,316,218,72,254,538,47.2,284,449,183,266,280,886,910,4,2022,IT
Fiorentina,581,337,232,260,89,282,531,53.1,249,356,84,272,260,841,473,11,2022,IT
Hellas Verona,605,357,319,228,58,296,562,52.7,266,445,143,302,337,942,745,12,2022,IT
Inter,572,325,247,241,84,258,523,49.3,265,385,110,275,315,887,541,7,2022,IT
Juventus,594,352,296,219,79,288,558,51.6,270,421,131,290,307,901,704,10,2022,IT
Lazio,582,349,261,234,87,277,625,44.3,348,437,126,311,310,892,606,8,2022,IT
Lecce,705,427,347,259,99,319,619,51.5,300,486,112,374,368,1073,826,4,2022,IT
Milan,690,422,327,295,68,300,563,53.3,263,387,126,261,289,979,542,9,2022,IT
Monza,595,355,323,214,58,260,551,47.2,291,380,120,260,334,929,661,13,2022,IT
Napoli,569,313,236,227,106,255,521,48.9,266,374,96,278,287,856,490,7,2022,IT
Roma,624,340,301,257,66,289,617,46.8,328,392,113,279,368,992,590,9,2022,IT
Salernitana,587,337,309,220,58,259,569,45.5,310,409,157,252,329,916,740,13,2022,IT
Sampdoria,589,351,290,240,59,261,558,46.8,297,428,152,276,317,906,688,7,2022,IT
Sassuolo,502,281,237,186,79,216,461,46.9,245,371,122,249,278,780,658,16,2022,IT
Spezia,622,359,290,236,96,254,569,44.6,315,457,161,296,301,923,830,7,2022,IT
Torino,473,265,231,187,55,199,367,54.2,168,337,110,227,292,765,627,9,2022,IT
Udinese,651,365,363,228,60,326,632,51.6,306,437,128,309,314,965,712,8,2022,IT
América (MG),560,344,272,234,54,266,692,38.4,426,459,149,310,372,932,870,8,2023,BR
Ath Paranaense,579,341,257,259,63,281,584,48.1,303,422,126,296,357,936,717,6,2023,BR
Atlético Mineiro,753,483,368,296,89,365,782,46.7,417,423,137,286,355,1108,760,4,2023,BR
Bahia,692,430,315,299,78,334,745,44.8,411,431,91,340,400,1092,672,12,2023,BR
Botafogo (RJ),617,376,291,259,67,313,673,46.5,360,387,116,271,412,1029,813,7,2023,BR
Corinthians,607,364,317,224,66,301,690,43.6,389,498,178,320,328,935,845,5,2023,BR
Coritiba,683,418,331,282,70,343,731,46.9,388,453,152,301,385,1068,883,12,2023,BR
Cruzeiro,614,391,278,257,79,292,615,47.5,323,378,79,299,336,950,664,7,2023,BR
Cuiabá,645,411,337,237,71,330,771,42.8,441,430,129,301,295,940,787,6,2023,BR
Flamengo,641,412,280,270,91,311,712,43.7,401,374,140,234,295,936,683,11,2023,BR
Fluminense,546,339,239,225,82,280,576,48.6,296,400,145,255,259,805,620,11,2023,BR
Fortaleza,672,420,314,282,76,333,763,43.6,430,430,120,310,352,1024,732,8,2023,BR
Goiás,606,384,310,225,71,300,656,45.7,356,392,144,248,350,956,903,12,2023,BR
Grêmio,616,369,305,248,63,287,713,40.3,426,428,149,279,339,955,801,6,2023,BR
Internacional,601,370,281,241,79,323,682,47.4,359,387,112,275,316,917,779,10,2023,BR
Palmeiras,605,377,275,254,76,290,662,43.8,372,380,94,286,298,903,573,4,2023,BR
Red Bull Bragantino,644,391,263,280,101,290,686,42.3,396,457,125,332,398,1042,648,11,2023,BR
Santos,680,431,325,280,75,342,754,45.4,412,448,132,316,370,1050,829,9,2023,BR
São Paulo,545,346,247,235,63,295,647,45.6,352,402,132,270,263,808,637,8,2023,BR
Vasco da Gama,609,358,302,245,62,277,681,40.7,404,428,133,295,318,927,815,8,2023,BR
Arsenal,610,348,257,246,107,271,543,49.9,272,412,106,306,292,902,515,18,2023,EN
Aston Villa,547,311,269,210,68,260,550,47.3,290,389,113,276,236,783,597,13,2023,EN
Bournemouth,693,410,301,281,111,325,688,47.2,363,504,153,351,357,1050,817,16,2023,EN
Brentford,677,399,349,250,78,317,697,45.5,380,474,142,332,378,1055,903,18,2023,EN
Brighton,644,366,292,252,100,307,658,46.7,351,437,140,297,288,932,603,21,2023,EN
Burnley,607,342,282,247,78,284,584,48.6,300,477,169,308,280,887,837,22,2023,EN
Chelsea,663,376,325,235,103,323,630,51.3,307,448,166,282,298,961,785,24,2023,EN
Crystal Palace,788,464,373,301,114,337,609,55.3,272,456,122,334,323,1111,927,6,2023,EN
Everton,743,442,371,261,111,347,701,49.5,354,479,177,302,358,1101,882,12,2023,EN
Fulham,679,384,339,260,80,346,678,51.0,332,437,117,320,371,1050,744,14,2023,EN
Liverpool,677,418,274,290,113,341,768,44.4,427,475,108,367,292,969,583,19,2023,EN
Luton Town,654,368,330,236,88,299,616,48.5,317,493,183,310,325,979,916,21,2023,EN
Manchester City,517,305,183,221,113,222,458,48.5,236,353,75,278,233,750,457,17,2023,EN
Manchester Utd,676,409,334,240,102,349,715,48.8,366,534,207,327,313,989,884,12,2023,EN
Newcastle Utd,661,391,316,254,91,302,681,44.3,379,497,151,346,285,946,682,16,2023,EN
Nott'ham Forest,728,429,437,219,72,325,607,53.5,282,488,168,320,331,1059,968,13,2023,EN
Sheffield Utd,709,405,375,248,86,299,635,47.1,336,514,180,334,348,1057,1042,18,2023,EN
Tottenham,724,451,335,264,125,360,691,52.1,331,445,132,313,355,1079,707,24,2023,EN
West Ham,684,426,350,254,80,307,607,50.6,300,487,180,307,361,1045,906,9,2023,EN
Wolves,739,430,415,247,77,312,607,51.4,295,506,173,333,284,1023,828,16,2023,EN
Alavés,578,347,284,227,67,290,629,46.1,339,363,117,246,279,857,810,5,2023,SP
Almería,633,372,354,222,57,280,582,48.1,302,430,134,296,313,946,856,19,2023,SP
Athletic Club,581,362,217,264,100,305,635,48.0,330,419,106,313,278,859,631,4,2023,SP
Atlético Madrid,654,399,308,263,83,327,671,48.7,344,460,114,346,256,910,793,8,2023,SP
Barcelona,571,363,271,223,77,243,523,46.5,280,363,97,266,257,828,573,17,2023,SP
Betis,692,440,305,300,87,358,683,52.4,325,422,101,321,345,1037,801,9,2023,SP
Cádiz,671,398,338,264,69,341,728,46.8,387,443,123,320,298,969,786,13,2023,SP
Celta Vigo,627,382,302,243,82,308,662,46.5,354,434,116,318,297,924,832,9,2023,SP
Getafe,608,364,269,251,88,291,577,50.4,286,342,103,239,307,915,730,6,2023,SP
Girona,544,340,264,222,58,274,521,52.6,247,378,124,254,257,801,661,21,2023,SP
Granada,637,374,336,237,64,289,623,46.4,334,404,110,294,280,917,779,26,2023,SP
Las Palmas,662,397,328,263,71,305,633,48.2,328,416,98,318,281,943,761,14,2023,SP
Mallorca,686,388,347,281,58,340,657,51.8,317,369,131,238,365,1051,785,10,2023,SP
Osasuna,525,311,247,201,77,243,517,47.0,274,400,108,292,263,788,756,16,2023,SP
Rayo Vallecano,630,372,279,282,69,270,608,44.4,338,410,105,305,308,938,796,12,2023,SP
Real Madrid,557,368,252,214,91,225,461,48.8,236,401,104,297,296,853,552,14,2023,SP
Real Sociedad,650,405,271,285,94,283,552,51.3,269,405,118,287,253,903,693,15,2023,SP
Sevilla,697,463,380,237,80,335,626,53.5,291,395,123,272,313,1010,772,9,2023,SP
Valencia,657,379,335,250,72,309,618,50.0,309,392,105,287,324,981,842,9,2023,SP
Villarreal,576,348,288,212,76,260,532,48.9,272,386,130,256,304,880,789,12,2023,SP
Augsburg,528,319,234,222,72,237,492,48.2,255,439,133,306,295,823,727,9,2023,GE
Bayern Munich,520,323,227,191,102,245,510,48.0,265,378,81,297,288,808,473,18,2023,GE
Bochum,603,366,272,253,78,294,574,51.2,280,460,142,318,308,911,768,9,2023,GE
Darmstadt 98,560,323,303,197,60,285,583,48.9,298,400,137,263,317,877,707,19,2023,GE
Dortmund,548,356,297,201,50,292,557,52.4,265,431,121,310,251,799,628,12,2023,GE
Eint Frankfurt,602,359,282,240,80,293,548,53.5,255,424,99,325,302,904,704,12,2023,GE
Freiburg,546,319,303,175,68,227,463,49.0,236,436,149,287,272,818,725,7,2023,GE
Gladbach,582,337,291,247,44,287,534,53.7,247,465,168,297,333,915,860,15,2023,GE
Heidenheim,601,352,311,225,65,275,591,46.5,316,463,129,334,302,903,783,5,2023,GE
Hoffenheim,517,304,286,185,46,259,541,47.9,282,413,143,270,357,874,790,12,2023,GE
Köln,617,375,330,234,53,342,659,51.9,317,506,154,352,305,922,766,9,2023,GE
Leverkusen,458,277,183,187,88,197,403,48.9,206,330,72,258,224,682,460,9,2023,GE
Mainz 05,572,328,256,253,63,276,526,52.5,250,442,117,325,346,918,704,3,2023,GE
RB Leipzig,538,317,236,240,62,244,487,50.1,243,444,97,347,240,778,630,12,2023,GE
Stuttgart,537,316,222,239,76,253,513,49.3,260,378,109,269,269,806,619,12,2023,GE
Union Berlin,549,352,242,240,67,254,504,50.4,250,480,137,343,305,854,861,9,2023,GE
Werder Bremen,604,351,303,239,62,312,609,51.2,297,434,153,281,284,888,785,9,2023,GE
Wolfsburg,550,303,272,201,77,262,527,49.7,265,414,99,315,268,818,801,8,2023,GE
Atalanta,613,369,273,249,91,291,597,48.7,306,483,119,364,340,953,614,7,2023,IT
Bologna,633,385,299,267,67,303,579,52.3,276,426,113,313,258,891,677,17,2023,IT
Cagliari,540,315,272,203,65,264,525,50.3,261,373,113,260,265,805,816,12,2023,IT
Empoli,618,378,311,227,80,300,564,53.2,264,462,154,308,263,881,840,9,2023,IT
Fiorentina,564,320,242,231,91,275,512,53.7,237,388,81,307,236,800,509,8,2023,IT
Frosinone,545,322,244,225,76,253,525,48.2,272,439,143,296,241,786,789,14,2023,IT
Genoa,625,352,315,247,63,283,571,49.6,288,462,162,300,332,957,796,11,2023,IT
Hellas Verona,621,387,302,245,74,293,578,50.7,285,414,133,281,302,923,784,15,2023,IT
Inter,540,321,252,219,69,234,474,49.4,240,365,116,249,280,820,576,7,2023,IT
Juventus,577,369,270,233,74,264,445,59.3,181,375,124,251,253,830,725,4,2023,IT
Lazio,581,348,259,254,68,283,618,45.8,335,430,122,308,295,876,640,7,2023,IT
Lecce,605,374,285,252,68,289,566,51.1,277,429,117,312,308,913,751,8,2023,IT
Milan,576,333,274,232,70,273,521,52.4,248,367,146,221,252,828,548,16,2023,IT
Monza,565,334,307,195,63,266,484,55.0,218,378,151,227,279,844,642,8,2023,IT
Napoli,571,326,235,237,99,263,554,47.5,291,351,92,259,241,812,521,5,2023,IT
Roma,569,336,261,229,79,249,535,46.5,286,370,132,238,242,811,623,16,2023,IT
Salernitana,536,327,289,198,49,257,519,49.5,262,409,161,248,279,815,816,12,2023,IT
Sassuolo,507,310,241,198,68,245,531,46.1,286,402,143,259,267,774,767,14,2023,IT
Torino,471,275,207,213,51,191,386,49.5,195,303,100,203,329,800,594,15,2023,IT
Udinese,606,381,345,213,48,299,571,52.4,272,437,129,308,327,933,988,10,2023,IT
